7
1
10
39
0 6
1 76
2 17
3 4
5 77
7 10
8 13
9 51
11 12
14 15
16 21
18 20
19 50
22 23
24 25
26 27
28 30
29 36
31 32
33 34
35 47
37 39
38 43
40 41
42 48
44 45
46 49
52 54
53 68
55 56
57 60
58 72
59 61
62 63
64 66
65 67
69 71
70 73
74 75
-1
-1
-1
-1
-1
-1
3
3
3
3
5
1
5
-1
-1
-1
-1
-1
5
1
5
2
5
1
1
2
-1
-1
-1
-1
5
1
0
0
5
0
5
3
3
-1
-1
-1
2
3
2
1
3
5
4
0
4
5
-1
-1
3
1
5
5
2
1
1
2
0
0
3
-1
5
4
5
1
4
2
3
4
4
2
4
2
5
5
0
2
0
2
3
3
0
1
0
1
4
2
3
2
5
0
5
4
3
3
2
2
0
-1
2
5
5
1
3
5
0
1
0
4
0
-1
-1
1
0
1
3
4
0
2
2
4
2
-1
-1
-1
3
4
2
4
4
4
0
0
4
-1
-1
-1
-1
2
2
1
1
5
2
5
0
-1
-1
-1
-1
-1
2
0
2
0
1
4
2
-1
-1
-1
-1
-1
-1
6 3
8 9
11 3
5 5
1 10
8 0
6 11
12 0
5 12
8 7
